0.0015565395246056254
0.004630662627480389
0.0011766455026998703
0.0011766455026998703
0.004207912132238786
0.0011766455026998703
0.004630662627480389
0.004207912132238786
0.0012617960533264324
0.004110706322937425
0.004289657226151284
0.004207912132238786
0.004289657226151284
0.0035073677416735073
0.0043607612436728045
0.004110706322937425
0.0012617960533264324
0.0025493021387913276
0.0025493021387913276
0.0043607612436728045
8.656403189835299E-4
5.842786435305007E-4
0.001761968539207921
0.001761968539207921
0.001761968539207921
9.230241173939696E-4
8.656403189835299E-4
8.656403189835299E-4
0.0012370085206915374
9.230241173939696E-4
8.656403189835299E-4
0.002474360655215332
9.230241173939696E-4
0.004344826267786398
0.0056255698817480855
0.004344826267786398
0.004344826267786398
0.002814160720522066
8.656403189835299E-4
0.004344826267786398
0.0012370085206915374
0.004344826267786398
0.0056255698817480855
0.003069641891023664
0.002814160720522066
0.0034455932887307874
0.004695895509572995
0.0036376284481108795
0.002814160720522066
0.003069641891023664
