0.002485682620003605
0.002485682620003605
0.002485682620003605
0.002485682620003605
0.002485682620003605
0.0036460215336343174
0.0017282919684535017
0.0017282919684535017
0.002485682620003605
0.0017282919684535017
0.0017282919684535017
0.011579267639771377
7.669774672998388E-4
7.669774672998388E-4
0.005318142762439891
0.011579267639771377
7.669774672998388E-4
0.0017282919684535017
0.006431816782378269
0.0036460215336343174
0.006431816782378269
0.011579267639771377
0.0036460215336343174
0.008916519198346327
7.669774672998388E-4
7.669774672998388E-4
0.011579267639771377
0.008916519198346327
8.400318925634883E-4
0.014243224407812928
0.0023077229789627055
0.010947092330323111
8.400318925634883E-4
8.400318925634883E-4
8.400318925634883E-4
0.006225008782902481
8.400318925634883E-4
0.016172738201933767
0.022939023180973944
0.001958187461967464
0.010947092330323111
0.010947092330323111
0.001958187461967464
0.0023077229789627055
0.0024362265856110624
0.016172738201933767
0.0024362265856110624
0.0024362265856110624
0.001958187461967464
0.00890034694055935
