0.004734729733364459
0.004734729733364459
0.004734729733364459
2.777243862039509E-4
2.777243862039509E-4
2.777243862039509E-4
5.734484290036182E-4
2.777243862039509E-4
2.777243862039509E-4
0.004734729733364459
0.005662222588516385
2.777243862039509E-4
5.734484290036182E-4
5.734484290036182E-4
2.777243862039509E-4
5.734484290036182E-4
0.005662222588516385
0.005662222588516385
5.734484290036182E-4
0.003074813753232046
1.8732985705309125E-4
0.004520321051314446
0.004739956419243227
0.004734729733364459
1.8732985705309125E-4
1.8732985705309125E-4
7.449271003639901E-5
0.004739956419243227
1.8732985705309125E-4
0.004520321051314446
0.003074813753232046
0.002447630864718045
0.005558687366752837
0.004739956419243227
7.449271003639901E-5
0.004520321051314446
0.005558687366752837
1.8732985705309125E-4
0.005558687366752837
5.734484290036182E-4
0.005558687366752837
0.003074813753232046
0.004520321051314446
0.004739956419243227
0.0014775943000231986
7.449271003639901E-5
0.004520321051314446
7.449271003639901E-5
0.0014493727038932852
0.0014775943000231986
