0.0016888740792099198
6.153549999049903E-4
6.056486163711414E-4
0.0019240205154422811
0.0016510134390146447
0.0013702011081330448
0.0010217757550267453
0.0010217757550267453
0.0024105675606278494
0.0024105675606278494
0.00181803770993096
0.0011205138013761003
0.0011205138013761003
0.002265052091872699
0.0015959484529577059
8.655460851160937E-4
8.655460851160937E-4
0.0023815687548529546
0.0018795089640250473
8.75528661081282E-4
0.0012684724552208858
0.0012684724552208858
0.0018795089640250473
0.0015919874729474872
0.0013326395803541606
0.0013252804658229723
0.002263546587318947
0.0010596280029890096
8.792804957870399E-4
0.002263546587318947
0.002263546587318947
0.0022925756746556953
0.0010109466358880677
0.0020111088892315844
0.0016221273373337433
0.0020111088892315844
0.001176662237222828
0.0019541393596075583
0.0020111088892315844
5.325267437369863E-4
0.0016874778792903644
0.0018566973937521045
0.001220822783949823
7.79654418378718E-4
0.001176662237222828
7.79654418378718E-4
7.79654418378718E-4
0.001908776820343616
0.0013108856217339923
0.00239743259730384
